50
2 5 1 3 2 1
3 4 2 1 6 2 2
1 2 3 4 2 1 1 3 3
4 3 4 3 7 4
1 1 1 4 2 1 1 2 5
2 2 5 2 2 7
1 2 5 1 9
5 4 2 2 11
4 3 4 1 1 11
3 1 3 4 2 1 10
4 4 2 1 1 9
2 1 5 2 8
3 6 3 2 7
2 6 1 9 1
6 1 9 1
2 2 3 4 1
6 1 3 3 1
8 3 2 1
8 3 2 4 1
1 4 2 3 2 6 1
1 3 4 3 2 3 3 1
1 3 4 4 2 3 2 4
2 4 2 3 2 2 4 3
7 4 2 2 4 3
6 4 3 3 2 4
5 4 4 3 3 1
4 5 6 1
4 2 3 4 1
11 2 3 1
14 6 1
7 7 1
15 1
13 3 1
19 1
5 2 3 1
4 8 1
2 10 1
16 5 1
15 9 1
2 4 11 1
2 2 2 3 3 1
2 1 1 1 2 3 3 4
2 4 2 2 3 5 4
2 1 8 3 5 4
2 10 3 5 4
2 3 5 3 3 4
2 7 3 3 1
2 4 11 1
4 5 9 1
14 5 1
2 1 1
2 7
1 2 6
4 4 1 2 5
15 2 2
1 2 1
15 9
15 10 13
15 10 2 13
2 4 5 4 4 2 2 2
1 2 2 2 3 4 2 3 2 2 4 2
4 4 6 4 2 2 2 2 1 2 1
4 4 4 2 2 2 5 1
2 2 2 2 2 2 4 1
2 2 2 2 1 1
16 5 1
1 18 7 1
1 2 1 21 7
1 6 2 21 9
2 1 1 4 6 14
10 3 10 5 4
3 13 3 5 2
3 7 7 9 1
1 2 3 2 3 7 11
3 1 2 3 2 4 6 1 2 3 3
2 1 1 3 3 2 6 5 1 1 3 3 3
4 5 6 3 3 4 1 1 3 5 3
2 2 6 4 3 2 3 7 3 5 3
4 12 2 4 2 7 3 5 3
1 2 11 2 4 2 7 3 3 3
2 11 3 2 3 3 3
2 12 3 3 11
1 12 6 9
12 4 5
50