50
2
6 2
11 2
15 2
5 6 2
3 4 2
3 3 3
2 3 3
2 4 3 3
1 7 2 3
1 3 2 2 3
1 3 3 3
1 3 9 3
1 3 12 3
2 3 6 5 3
2 3 5 4 3
2 4 5 4 2
3 10 4 3 2
3 5 13 1
3 16 1
5 8 8
6 7 4
14 4
11 3
9 3
2 2 2
3 3 2
2 3 2
2 3 1
3 3 1
2 4 1
2 3 1
3 4 1 1
2 2 8 3 1
7 1 14 1
2 2 3 3 5 1
1 3 1 2 2 2 1
2 2 3 1 1
3 1 1 2 2 1
1 2 1 3 3 2 1
1 1 3 6 2 3 1
2 1 1 1 2 4 2 4
2 2 2 2 2 3
3 2 2 2
5 1 2 1 2 2
7 3 3 1 2
5 1 2 6 2
8 5 2
3 3 2
2
13
5 7
4 5
3 4 2
3 3 3 3
3 4 4 2 2 5
3 8 3 1 1 8
3 9 4 1 3 3
3 3 3 3 1 2 2
3 2 3 3 2 3 3
3 2 2 3 4 2 2
3 3 2 3 6 2 2
3 2 2 4 7 2 1 2
3 2 9 2 3 2
3 2 7 2 3
3 2 5 1
4 3 3 2 4
5 4 3 3 2
12 3 2 7
9 2 3 1 3
5 3 3 3 2 3
3 3 6 2 2 6
3 2 10 4 4
2 2 3 6 2 3
2 3 6 2
3 3 8 3
3 4 2 8
3 4 2 5
4 3 2
7 2
7 3 3
7 9
10 7 5 3
18 8 2 6
20 21 6