50 35
16 5
16 5
17 5
15 5
13 5
13 5 4
1 14 9 3
3 12 2 3 2
16 2 3 1
14 1 3
13 2 3
12 1 1 3
9 1 3 2
6 1 2 2
6 1 2 2
6 2 2 3
5 2 1 2
4 4 1 2 1
4 2 1 3 1
3 3 4 1 4 2
3 10 3 7 3
2 6 6 2 5
3 7 2 2 3 2 1 4
2 12 5 6 3
1 9 2 6 5 3
1 9 1 3 1 6 3
9 3 2 1 2 1 3
5 3 3 2 2 1 3
6 6 2 2 4
6 6 2 2 5
5 4 2 2 5
7 2 1 2 6 4
9 1 2 9 2
5 3 3 3 4 1
6 2 3 3 3 1
8 1 4 2 3
8 1 7 2
7 3 5 1 3
6 3 1 9 2
4 1 3 1 3 2
4 1 1 2
2 2 2
2 2
2 2
3 1 2 1
3 3 2
9 3
5 4
5
5
2 4 4
2 4 6
3 5 7
4 4 7
1 1 4 5 12
2 8 5 15
17 16
17 12 2
17 13
16 11 2
15 8 2
14 11 2
13 11 10
13 1 9 2 2 2
12 1 2 4 6
11 1 4 4 2 2
9 2 2 4 3 2
7 4 3 2
5 2 3 3 2 2
4 7 2 3 3 2 7
3 3 3 6 2 2 5 4
2 2 10 2 3 2 3
1 2 3 3 2 3 2 3
1 3 3 2 2 2 1 2
2 2 3 2 2 1 2
2 3 4 2 3 2 2 2
2 3 1 3 2 4 2
2 1 1 5 2 2 2
2 2 4 2 2
2 2 3 3 3
5 3 2 1 5 2 3 2 2
6 3 3 2 4 3 2 3
7 4 4 12 5 3 4
8 8 14 9 5
9 6 18 5 6